TABLE NO.  2
 ID          CL          V           MU_1        MU_2        nCL         nV
  1.0000E+00  3.1779E+00  4.0009E+01  1.2287E+00  3.5594E+00 -7.2439E-02  1.2974E-01
  2.0000E+00  3.7796E+00  3.4011E+01  1.2287E+00  3.5594E+00  1.0096E-01 -3.2681E-02
  3.0000E+00  2.4370E+00  3.7254E+01  1.2287E+00  3.5594E+00 -3.3788E-01  5.8401E-02
  4.0000E+00  4.0267E+00  4.0683E+01  1.2287E+00  3.5594E+00  1.6428E-01  1.4645E-01
  5.0000E+00  2.1325E+00  2.9436E+01  1.2287E+00  3.5594E+00 -4.7134E-01 -1.7714E-01
  6.0000E+00  2.4336E+00  3.5669E+01  1.2287E+00  3.5594E+00 -3.3928E-01  1.4914E-02
  7.0000E+00  3.7272E+00  3.2768E+01  1.2287E+00  3.5594E+00  8.7006E-02 -6.9895E-02
  8.0000E+00  5.1208E+00  3.9525E+01  1.2287E+00  3.5594E+00  4.0466E-01  1.1756E-01
  9.0000E+00  2.2216E+00  3.2878E+01  1.2287E+00  3.5594E+00 -4.3042E-01 -6.6553E-02
  1.0000E+01  3.4284E+00  3.0787E+01  1.2287E+00  3.5594E+00  3.4470E-03 -1.3226E-01
  1.1000E+01  3.0435E+00  3.5192E+01  1.2287E+00  3.5594E+00 -1.1564E-01  1.4450E-03
  1.2000E+01  2.9857E+00  2.8133E+01  1.2287E+00  3.5594E+00 -1.3481E-01 -2.2241E-01
  1.3000E+01  5.9389E+00  3.9205E+01  1.2287E+00  3.5594E+00  5.5287E-01  1.0944E-01
  1.4000E+01  5.9595E+00  3.0898E+01  1.2287E+00  3.5594E+00  5.5633E-01 -1.2868E-01
  1.5000E+01  2.7363E+00  3.9017E+01  1.2287E+00  3.5594E+00 -2.2205E-01  1.0463E-01
  1.6000E+01  3.0156E+00  3.2111E+01  1.2287E+00  3.5594E+00 -1.2487E-01 -9.0148E-02
  1.7000E+01  4.0188E+00  2.8310E+01  1.2287E+00  3.5594E+00  1.6232E-01 -2.1616E-01
  1.8000E+01  3.9946E+00  3.3396E+01  1.2287E+00  3.5594E+00  1.5629E-01 -5.0939E-02
  1.9000E+01  2.8503E+00  3.6088E+01  1.2287E+00  3.5594E+00 -1.8122E-01  2.6602E-02
  2.0000E+01  4.4210E+00  4.5493E+01  1.2287E+00  3.5594E+00  2.5771E-01  2.5819E-01
  2.1000E+01  3.4569E+00  3.3348E+01  1.2287E+00  3.5594E+00  1.1714E-02 -5.2368E-02
  2.2000E+01  2.8618E+00  4.0274E+01  1.2287E+00  3.5594E+00 -1.7720E-01  1.3635E-01
  2.3000E+01  2.3796E+00  2.8806E+01  1.2287E+00  3.5594E+00 -3.6172E-01 -1.9878E-01
  2.4000E+01  2.6999E+00  3.1933E+01  1.2287E+00  3.5594E+00 -2.3545E-01 -9.5707E-02
  2.5000E+01  4.3168E+00  3.8413E+01  1.2287E+00  3.5594E+00  2.3385E-01  8.9047E-02
  2.6000E+01  3.7595E+00  4.0734E+01  1.2287E+00  3.5594E+00  9.5638E-02  1.4769E-01
  2.7000E+01  5.2094E+00  3.3207E+01  1.2287E+00  3.5594E+00  4.2181E-01 -5.6589E-02
  2.8000E+01  2.6725E+00  3.6577E+01  1.2287E+00  3.5594E+00 -2.4564E-01  4.0053E-02
  2.9000E+01  4.1536E+00  3.7635E+01  1.2287E+00  3.5594E+00  1.9532E-01  6.8569E-02
  3.0000E+01  3.1228E+00  4.1530E+01  1.2287E+00  3.5594E+00 -8.9922E-02  1.6705E-01
  3.1000E+01  4.2560E+00  3.2828E+01  1.2287E+00  3.5594E+00  2.1968E-01 -6.8069E-02
  3.2000E+01  3.7742E+00  3.6574E+01  1.2287E+00  3.5594E+00  9.9521E-02  3.9968E-02
  3.3000E+01  4.3005E+00  3.6391E+01  1.2287E+00  3.5594E+00  2.3008E-01  3.4950E-02
  3.4000E+01  2.3211E+00  3.2560E+01  1.2287E+00  3.5594E+00 -3.8661E-01 -7.6279E-02
  3.5000E+01  3.6491E+00  3.7541E+01  1.2287E+00  3.5594E+00  6.5821E-02  6.6073E-02
  3.6000E+01  3.9480E+00  3.2273E+01  1.2287E+00  3.5594E+00  1.4455E-01 -8.5117E-02
  3.7000E+01  4.8030E+00  3.8893E+01  1.2287E+00  3.5594E+00  3.4058E-01  1.0146E-01
  3.8000E+01  4.6963E+00  3.6430E+01  1.2287E+00  3.5594E+00  3.1813E-01  3.6019E-02
  3.9000E+01  2.4889E+00  3.9496E+01  1.2287E+00  3.5594E+00 -3.1681E-01  1.1684E-01
  4.0000E+01  2.6322E+00  3.0170E+01  1.2287E+00  3.5594E+00 -2.6082E-01 -1.5252E-01
  4.1000E+01  2.0753E+00  3.2870E+01  1.2287E+00  3.5594E+00 -4.9853E-01 -6.6803E-02
  4.2000E+01  4.4810E+00  3.4813E+01  1.2287E+00  3.5594E+00  2.7119E-01 -9.3722E-03
  4.3000E+01  3.5938E+00  3.7696E+01  1.2287E+00  3.5594E+00  5.0546E-02  7.0196E-02
  4.4000E+01  4.7494E+00  3.2039E+01  1.2287E+00  3.5594E+00  3.2935E-01 -9.2406E-02
  4.5000E+01  5.5304E+00  3.3791E+01  1.2287E+00  3.5594E+00  4.8160E-01 -3.9161E-02
  4.6000E+01  2.4658E+00  3.7015E+01  1.2287E+00  3.5594E+00 -3.2612E-01  5.1959E-02
  4.7000E+01  4.0329E+00  4.0115E+01  1.2287E+00  3.5594E+00  1.6583E-01  1.3240E-01
  4.8000E+01  3.1279E+00  3.0641E+01  1.2287E+00  3.5594E+00 -8.8302E-02 -1.3703E-01
  4.9000E+01  2.4249E+00  3.0795E+01  1.2287E+00  3.5594E+00 -3.4285E-01 -1.3202E-01
  5.0000E+01  2.6552E+00  3.0263E+01  1.2287E+00  3.5594E+00 -2.5213E-01 -1.4944E-01
