TABLE NO.  2
 ID          CL          V           TVCL        TVV         nCL         nV
  1.0000E+00  4.1957E+00  3.5075E+01  4.3376E+00  3.6596E+01 -3.3262E-02 -4.2459E-02
  2.0000E+00  2.9853E+00  2.4375E+01  4.3376E+00  3.6596E+01 -3.7362E-01 -4.0637E-01
  3.0000E+00  8.9626E+00  4.0044E+01  4.3376E+00  3.6596E+01  7.2574E-01  9.0018E-02
  4.0000E+00  3.3661E+00  3.2308E+01  4.3376E+00  3.6596E+01 -2.5356E-01 -1.2463E-01
  5.0000E+00  4.8263E+00  3.6880E+01  4.3376E+00  3.6596E+01  1.0677E-01  7.7130E-03
  6.0000E+00  3.4624E+00  2.4852E+01  4.3376E+00  3.6596E+01 -2.2535E-01 -3.8701E-01
  7.0000E+00  4.3613E+00  3.4313E+01  4.3376E+00  3.6596E+01  5.4556E-03 -6.4416E-02
  8.0000E+00  3.2731E+00  3.6604E+01  4.3376E+00  3.6596E+01 -2.8157E-01  2.1689E-04
  9.0000E+00  6.0938E+00  4.1169E+01  4.3376E+00  3.6596E+01  3.3996E-01  1.1774E-01
  1.0000E+01  5.0694E+00  3.8196E+01  4.3376E+00  3.6596E+01  1.5592E-01  4.2780E-02
  1.1000E+01  7.5407E+00  3.7930E+01  4.3376E+00  3.6596E+01  5.5300E-01  3.5799E-02
  1.2000E+01  4.8518E+00  3.2289E+01  4.3376E+00  3.6596E+01  1.1203E-01 -1.2522E-01
  1.3000E+01  4.3039E+00  4.1504E+01  4.3376E+00  3.6596E+01 -7.8003E-03  1.2584E-01
  1.4000E+01  3.7886E+00  3.8094E+01  4.3376E+00  3.6596E+01 -1.3532E-01  4.0106E-02
  1.5000E+01  4.3872E+00  3.7843E+01  4.3376E+00  3.6596E+01  1.1388E-02  3.3496E-02
  1.6000E+01  6.7007E+00  3.7640E+01  4.3376E+00  3.6596E+01  4.3490E-01  2.8105E-02
  1.7000E+01  6.5042E+00  3.7617E+01  4.3376E+00  3.6596E+01  4.0514E-01  2.7509E-02
  1.8000E+01  2.8624E+00  3.4833E+01  4.3376E+00  3.6596E+01 -4.1564E-01 -4.9394E-02
  1.9000E+01  6.3640E+00  4.1030E+01  4.3376E+00  3.6596E+01  3.8334E-01  1.1436E-01
  2.0000E+01  6.2262E+00  3.7438E+01  4.3376E+00  3.6596E+01  3.6146E-01  2.2747E-02
  2.1000E+01  3.5640E+00  4.1972E+01  4.3376E+00  3.6596E+01 -1.9643E-01  1.3706E-01
  2.2000E+01  2.7667E+00  3.6785E+01  4.3376E+00  3.6596E+01 -4.4967E-01  5.1268E-03
  2.3000E+01  6.5698E+00  4.3520E+01  4.3376E+00  3.6596E+01  4.1517E-01  1.7327E-01
  2.4000E+01  3.0104E+00  3.3012E+01  4.3376E+00  3.6596E+01 -3.6525E-01 -1.0308E-01
  2.5000E+01  3.2777E+00  3.3972E+01  4.3376E+00  3.6596E+01 -2.8017E-01 -7.4407E-02
  2.6000E+01  5.0727E+00  3.4263E+01  4.3376E+00  3.6596E+01  1.5657E-01 -6.5882E-02
  2.7000E+01  4.5221E+00  3.6116E+01  4.3376E+00  3.6596E+01  4.1655E-02 -1.3225E-02
  2.8000E+01  5.3962E+00  4.5444E+01  4.3376E+00  3.6596E+01  2.1838E-01  2.1654E-01
  2.9000E+01  3.3865E+00  3.8917E+01  4.3376E+00  3.6596E+01 -2.4750E-01  6.1470E-02
  3.0000E+01  3.4648E+00  2.5677E+01  4.3376E+00  3.6596E+01 -2.2466E-01 -3.5435E-01
  3.1000E+01  3.1741E+00  3.4645E+01  4.3376E+00  3.6596E+01 -3.1228E-01 -5.4783E-02
  3.2000E+01  3.0178E+00  3.1589E+01  4.3376E+00  3.6596E+01 -3.6277E-01 -1.4715E-01
  3.3000E+01  3.6945E+00  3.5499E+01  4.3376E+00  3.6596E+01 -1.6048E-01 -3.0439E-02
  3.4000E+01  4.1871E+00  4.1545E+01  4.3376E+00  3.6596E+01 -3.5308E-02  1.2682E-01
  3.5000E+01  2.9455E+00  3.1957E+01  4.3376E+00  3.6596E+01 -3.8703E-01 -1.3556E-01
  3.6000E+01  4.2989E+00  4.1622E+01  4.3376E+00  3.6596E+01 -8.9620E-03  1.2868E-01
  3.7000E+01  4.5294E+00  3.6721E+01  4.3376E+00  3.6596E+01  4.3268E-02  3.4116E-03
  3.8000E+01  2.4921E+00  3.2372E+01  4.3376E+00  3.6596E+01 -5.5417E-01 -1.2266E-01
  3.9000E+01  4.9638E+00  4.4525E+01  4.3376E+00  3.6596E+01  1.3486E-01  1.9610E-01
  4.0000E+01  3.4720E+00  4.1014E+01  4.3376E+00  3.6596E+01 -2.2257E-01  1.1397E-01
  4.1000E+01  5.2302E+00  3.5878E+01  4.3376E+00  3.6596E+01  1.8714E-01 -1.9832E-02
  4.2000E+01  4.5251E+00  3.6376E+01  4.3376E+00  3.6596E+01  4.2315E-02 -6.0400E-03
  4.3000E+01  1.0075E+01  3.6280E+01  4.3376E+00  3.6596E+01  8.4270E-01 -8.6791E-03
  4.4000E+01  3.2108E+00  3.7825E+01  4.3376E+00  3.6596E+01 -3.0079E-01  3.3031E-02
  4.5000E+01  4.1636E+00  3.8300E+01  4.3376E+00  3.6596E+01 -4.0933E-02  4.5491E-02
  4.6000E+01  3.9408E+00  4.0107E+01  4.3376E+00  3.6596E+01 -9.5923E-02  9.1610E-02
  4.7000E+01  4.6576E+00  4.1897E+01  4.3376E+00  3.6596E+01  7.1187E-02  1.3526E-01
  4.8000E+01  4.7439E+00  4.1055E+01  4.3376E+00  3.6596E+01  8.9543E-02  1.1497E-01
  4.9000E+01  4.7205E+00  2.7550E+01  4.3376E+00  3.6596E+01  8.4595E-02 -2.8394E-01
  5.0000E+01  4.9757E+00  3.9642E+01  4.3376E+00  3.6596E+01  1.3725E-01  7.9928E-02
