TABLE NO.  1
 ID          TIME        IPRED       DV          CWRES       PRED
  1.0000E+00  0.0000E+00  0.0000E+00  0.0000E+00  0.0000E+00  0.0000E+00
  1.0000E+00  1.0000E+00  2.6871E+01  3.6029E+01  1.5311E+00  2.5768E+01
  1.0000E+00  2.0000E+00  2.3842E+01  2.1044E+01 -3.9410E-01  2.2888E+01
  1.0000E+00  4.0000E+00  1.8769E+01  1.7103E+01 -2.3743E-01  1.8057E+01
  1.0000E+00  8.0000E+00  1.1631E+01  6.1338E+00 -1.7915E+00  1.1240E+01
  1.0000E+00  1.6000E+01  4.4672E+00  6.1651E+00  1.8762E+00  4.3547E+00
  1.0000E+00  2.4000E+01  1.7157E+00  1.4427E+00 -4.6175E-01  1.6872E+00
  2.0000E+00  0.0000E+00  0.0000E+00  0.0000E+00  0.0000E+00  0.0000E+00
  2.0000E+00  1.0000E+00  3.8612E+01  4.4788E+01  1.4699E+00  2.5768E+01
  2.0000E+00  2.0000E+00  3.4161E+01  5.2312E+01  2.9654E+00  2.2888E+01
  2.0000E+00  4.0000E+00  2.6740E+01  2.6753E+01  5.6504E-01  1.8057E+01
  2.0000E+00  8.0000E+00  1.6383E+01  1.3271E+01 -5.1569E-01  1.1240E+01
  2.0000E+00  1.6000E+01  6.1503E+00  7.9415E+00  1.1275E+00  4.3547E+00
  2.0000E+00  2.4000E+01  2.3088E+00  2.0028E+00 -8.5604E-01  1.6872E+00
  3.0000E+00  0.0000E+00  0.0000E+00  0.0000E+00  0.0000E+00  0.0000E+00
  3.0000E+00  1.0000E+00  2.2375E+01  2.5079E+01  2.3023E-01  2.5768E+01
  3.0000E+00  2.0000E+00  1.7888E+01  1.4556E+01 -1.3885E+00  2.2888E+01
  3.0000E+00  4.0000E+00  1.1433E+01  1.1808E+01 -9.3318E-01  1.8057E+01
  3.0000E+00  8.0000E+00  4.6703E+00  4.6907E+00 -1.4276E+00  1.1240E+01
  3.0000E+00  1.6000E+01  7.7931E-01  7.6071E-01 -1.1406E+00  4.3547E+00
  4.0000E+00  0.0000E+00  0.0000E+00  0.0000E+00  0.0000E+00  0.0000E+00
  4.0000E+00  1.0000E+00  2.9394E+01  3.0710E+01  3.3376E-01  2.5768E+01
  4.0000E+00  2.0000E+00  2.6486E+01  3.0292E+01  7.6273E-01  2.2888E+01
  4.0000E+00  4.0000E+00  2.1504E+01  2.5968E+01  1.0468E+00  1.8057E+01
  4.0000E+00  8.0000E+00  1.4175E+01  1.5201E+01  4.8198E-01  1.1240E+01
  4.0000E+00  1.6000E+01  6.1594E+00  5.3692E+00 -3.9888E-01  4.3547E+00
  4.0000E+00  2.4000E+01  2.6764E+00  3.0667E+00  6.9288E-01  1.6872E+00
  5.0000E+00  0.0000E+00  0.0000E+00  0.0000E+00  0.0000E+00  0.0000E+00
  5.0000E+00  1.0000E+00  2.5416E+01  3.1937E+01  1.0675E+00  2.5768E+01
  5.0000E+00  2.0000E+00  2.2298E+01  2.1273E+01 -2.3293E-01  2.2888E+01
  5.0000E+00  4.0000E+00  1.7163E+01  1.1834E+01 -1.3829E+00  1.8057E+01
  5.0000E+00  8.0000E+00  1.0169E+01  9.2866E+00 -4.7517E-01  1.1240E+01
  5.0000E+00  1.6000E+01  3.5693E+00  4.8316E+00  1.3117E+00  4.3547E+00
  5.0000E+00  2.4000E+01  1.2529E+00  9.9985E-01 -1.0622E+00  1.6872E+00
  6.0000E+00  0.0000E+00  0.0000E+00  0.0000E+00  0.0000E+00  0.0000E+00
  6.0000E+00  1.0000E+00  3.7561E+01  3.0726E+01  1.3528E-01  2.5768E+01
  6.0000E+00  2.0000E+00  3.2676E+01  3.5375E+01  1.0912E+00  2.2888E+01
  6.0000E+00  4.0000E+00  2.4730E+01  4.2747E+01  3.5100E+00  1.8057E+01
  6.0000E+00  8.0000E+00  1.4164E+01  1.3064E+01 -4.4769E-01  1.1240E+01
  6.0000E+00  1.6000E+01  4.6466E+00  4.2938E+00 -9.7206E-01  4.3547E+00
  6.0000E+00  2.4000E+01  1.5243E+00  1.5088E+00 -7.1319E-01  1.6872E+00
  7.0000E+00  0.0000E+00  0.0000E+00  0.0000E+00  0.0000E+00  0.0000E+00
  7.0000E+00  1.0000E+00  2.7367E+01  2.3911E+01 -4.5379E-01  2.5768E+01
  7.0000E+00  2.0000E+00  2.4101E+01  2.8524E+01  8.0999E-01  2.2888E+01
  7.0000E+00  4.0000E+00  1.8691E+01  2.2028E+01  6.9713E-01  1.8057E+01
  7.0000E+00  8.0000E+00  1.1242E+01  1.2874E+01  4.1135E-01  1.1240E+01
  7.0000E+00  1.6000E+01  4.0666E+00  3.2760E+00 -1.1211E+00  4.3547E+00
  7.0000E+00  2.4000E+01  1.4711E+00  1.6289E+00  2.0771E-01  1.6872E+00
  8.0000E+00  0.0000E+00  0.0000E+00  0.0000E+00  0.0000E+00  0.0000E+00
  8.0000E+00  1.0000E+00  2.6133E+01  1.8418E+01 -1.2224E+00  2.5768E+01
  8.0000E+00  2.0000E+00  2.3898E+01  2.9138E+01  1.0152E+00  2.2888E+01
  8.0000E+00  4.0000E+00  1.9984E+01  2.1779E+01  5.6775E-01  1.8057E+01
  8.0000E+00  8.0000E+00  1.3975E+01  1.0224E+01 -8.0582E-01  1.1240E+01
  8.0000E+00  1.6000E+01  6.8341E+00  9.3675E+00  1.9853E+00  4.3547E+00
  8.0000E+00  2.4000E+01  3.3420E+00  3.0183E+00 -7.6944E-02  1.6872E+00
  9.0000E+00  0.0000E+00  0.0000E+00  0.0000E+00  0.0000E+00  0.0000E+00
  9.0000E+00  1.0000E+00  2.2578E+01  1.4879E+01 -1.5276E+00  2.5768E+01
  9.0000E+00  2.0000E+00  1.9471E+01  1.7427E+01 -6.1476E-01  2.2888E+01
  9.0000E+00  4.0000E+00  1.4482E+01  1.3275E+01 -6.8967E-01  1.8057E+01
  9.0000E+00  8.0000E+00  8.0112E+00  1.0306E+01  5.8497E-01  1.1240E+01
  9.0000E+00  1.6000E+01  2.4515E+00  3.1201E+00  2.8651E-01  4.3547E+00
  9.0000E+00  2.4000E+01  7.5017E-01  3.5659E-01 -2.6730E+00  1.6872E+00
  1.0000E+01  0.0000E+00  0.0000E+00  0.0000E+00  0.0000E+00  0.0000E+00
  1.0000E+01  1.0000E+00  2.4518E+01  2.3761E+01 -2.6041E-01  2.5768E+01
  1.0000E+01  2.0000E+00  2.1470E+01  2.0397E+01 -3.8004E-01  2.2888E+01
  1.0000E+01  4.0000E+00  1.6465E+01  2.0150E+01  7.1244E-01  1.8057E+01
  1.0000E+01  8.0000E+00  9.6827E+00  8.7010E+00 -7.6233E-01  1.1240E+01
  1.0000E+01  1.6000E+01  3.3487E+00  3.6967E+00  3.6230E-02  4.3547E+00
  1.0000E+01  2.4000E+01  1.1581E+00  1.1731E+00 -3.3914E-01  1.6872E+00
  1.1000E+01  0.0000E+00  0.0000E+00  0.0000E+00  0.0000E+00  0.0000E+00
  1.1000E+01  1.0000E+00  2.3909E+01  2.8292E+01  6.2237E-01  2.5768E+01
  1.1000E+01  2.0000E+00  1.9598E+01  1.5794E+01 -1.2192E+00  2.2888E+01
  1.1000E+01  4.0000E+00  1.3169E+01  1.4788E+01 -2.5018E-01  1.8057E+01
  1.1000E+01  8.0000E+00  5.9454E+00  5.4149E+00 -1.4912E+00  1.1240E+01
  1.1000E+01  1.6000E+01  1.2119E+00  1.2182E+00 -8.6863E-01  4.3547E+00
  1.2000E+01  0.0000E+00  0.0000E+00  0.0000E+00  0.0000E+00  0.0000E+00
  1.2000E+01  1.0000E+00  2.8756E+01  3.5136E+01  1.2127E+00  2.5768E+01
  1.2000E+01  2.0000E+00  2.4744E+01  1.8022E+01 -1.0144E+00  2.2888E+01
  1.2000E+01  4.0000E+00  1.8321E+01  2.2606E+01  8.7574E-01  1.8057E+01
  1.2000E+01  8.0000E+00  1.0044E+01  1.1283E+01  6.3913E-03  1.1240E+01
  1.2000E+01  1.6000E+01  3.0190E+00  3.2584E+00 -5.2335E-01  4.3547E+00
  1.2000E+01  2.4000E+01  9.0741E-01  8.5749E-01 -1.0067E+00  1.6872E+00
  1.3000E+01  0.0000E+00  0.0000E+00  0.0000E+00  0.0000E+00  0.0000E+00
  1.3000E+01  1.0000E+00  2.2887E+01  2.3585E+01 -1.7743E-01  2.5768E+01
  1.3000E+01  2.0000E+00  2.0633E+01  2.6106E+01  9.0078E-01  2.2888E+01
  1.3000E+01  4.0000E+00  1.6768E+01  1.2186E+01 -1.2159E+00  1.8057E+01
  1.3000E+01  8.0000E+00  1.1075E+01  6.3571E+00 -1.5541E+00  1.1240E+01
  1.3000E+01  1.6000E+01  4.8312E+00  4.0851E+00  1.8826E-02  4.3547E+00
  1.3000E+01  2.4000E+01  2.1075E+00  2.6484E+00  1.8411E+00  1.6872E+00
  1.4000E+01  0.0000E+00  0.0000E+00  0.0000E+00  0.0000E+00  0.0000E+00
  1.4000E+01  1.0000E+00  2.4988E+01  2.2100E+01 -6.0283E-01  2.5768E+01
  1.4000E+01  2.0000E+00  2.2622E+01  2.3350E+01  6.2642E-02  2.2888E+01
  1.4000E+01  4.0000E+00  1.8542E+01  1.7602E+01 -2.1975E-01  1.8057E+01
  1.4000E+01  8.0000E+00  1.2456E+01  1.6318E+01  1.4066E+00  1.1240E+01
  1.4000E+01  1.6000E+01  5.6213E+00  4.6232E+00 -5.8843E-01  4.3547E+00
  1.4000E+01  2.4000E+01  2.5369E+00  2.8609E+00  6.7752E-01  1.6872E+00
  1.5000E+01  0.0000E+00  0.0000E+00  0.0000E+00  0.0000E+00  0.0000E+00
  1.5000E+01  1.0000E+00  2.4951E+01  2.7748E+01  3.0837E-01  2.5768E+01
  1.5000E+01  2.0000E+00  2.2219E+01  2.6137E+01  6.1090E-01  2.2888E+01
  1.5000E+01  4.0000E+00  1.7621E+01  1.7096E+01 -1.9726E-01  1.8057E+01
  1.5000E+01  8.0000E+00  1.1083E+01  7.1691E+00 -1.4318E+00  1.1240E+01
  1.5000E+01  1.6000E+01  4.3838E+00  4.5240E+00  3.8524E-01  4.3547E+00
  1.5000E+01  2.4000E+01  1.7340E+00  1.9856E+00  8.4616E-01  1.6872E+00
  1.6000E+01  0.0000E+00  0.0000E+00  0.0000E+00  0.0000E+00  0.0000E+00
  1.6000E+01  1.0000E+00  2.4337E+01  2.5809E+01  9.5581E-02  2.5768E+01
  1.6000E+01  2.0000E+00  2.0368E+01  2.4264E+01  4.8353E-01  2.2888E+01
  1.6000E+01  4.0000E+00  1.4267E+01  1.2657E+01 -1.0620E+00  1.8057E+01
  1.6000E+01  8.0000E+00  6.9996E+00  6.4530E+00 -1.1538E+00  1.1240E+01
  1.6000E+01  1.6000E+01  1.6848E+00  1.7436E+00 -5.4952E-01  4.3547E+00
  1.7000E+01  0.0000E+00  0.0000E+00  0.0000E+00  0.0000E+00  0.0000E+00
  1.7000E+01  1.0000E+00  2.4412E+01  2.6856E+01  2.5209E-01  2.5768E+01
  1.7000E+01  2.0000E+00  2.0536E+01  2.4367E+01  4.9624E-01  2.2888E+01
  1.7000E+01  4.0000E+00  1.4532E+01  1.4032E+01 -6.0298E-01  1.8057E+01
  1.7000E+01  8.0000E+00  7.2772E+00  4.2144E+00 -2.2833E+00  1.1240E+01
  1.7000E+01  1.6000E+01  1.8249E+00  2.0037E+00  2.6573E-01  4.3547E+00
  1.8000E+01  0.0000E+00  0.0000E+00  0.0000E+00  0.0000E+00  0.0000E+00
  1.8000E+01  1.0000E+00  2.7561E+01  2.8275E+01  1.0561E-01  2.5768E+01
  1.8000E+01  2.0000E+00  2.5386E+01  3.4726E+01  1.6404E+00  2.2888E+01
  1.8000E+01  4.0000E+00  2.1539E+01  1.9227E+01 -2.1111E-01  1.8057E+01
  1.8000E+01  8.0000E+00  1.5505E+01  1.2558E+01 -2.8110E-01  1.1240E+01
  1.8000E+01  1.6000E+01  8.0345E+00  5.4970E+00 -4.4468E-01  4.3547E+00
  1.8000E+01  2.4000E+01  4.1634E+00  5.5065E+00  2.3810E+00  1.6872E+00
  1.9000E+01  0.0000E+00  0.0000E+00  0.0000E+00  0.0000E+00  0.0000E+00
  1.9000E+01  1.0000E+00  2.2576E+01  2.1318E+01 -5.2074E-01  2.5768E+01
  1.9000E+01  2.0000E+00  1.9333E+01  2.4608E+01  8.3343E-01  2.2888E+01
  1.9000E+01  4.0000E+00  1.4176E+01  1.0746E+01 -1.3744E+00  1.8057E+01
  1.9000E+01  8.0000E+00  7.6230E+00  4.3311E+00 -2.0764E+00  1.1240E+01
  1.9000E+01  1.6000E+01  2.2041E+00  2.4929E+00  6.4722E-01  4.3547E+00
  2.0000E+01  0.0000E+00  0.0000E+00  0.0000E+00  0.0000E+00  0.0000E+00
  2.0000E+01  1.0000E+00  2.4608E+01  2.3892E+01 -1.7445E-01  2.5768E+01
  2.0000E+01  2.0000E+00  2.0837E+01  1.7350E+01 -9.2211E-01  2.2888E+01
  2.0000E+01  4.0000E+00  1.4941E+01  1.9102E+01  6.8465E-01  1.8057E+01
  2.0000E+01  8.0000E+00  7.6822E+00  8.2592E+00 -5.5568E-01  1.1240E+01
  2.0000E+01  1.6000E+01  2.0309E+00  1.8243E+00 -1.3754E+00  4.3547E+00
  2.1000E+01  0.0000E+00  0.0000E+00  0.0000E+00  0.0000E+00  0.0000E+00
  2.1000E+01  1.0000E+00  2.2842E+01  2.2355E+01 -3.6280E-01  2.5768E+01
  2.1000E+01  2.0000E+00  2.0982E+01  2.2060E+01  3.6367E-02  2.2888E+01
  2.1000E+01  4.0000E+00  1.7705E+01  1.4118E+01 -8.7143E-01  1.8057E+01
  2.1000E+01  8.0000E+00  1.2606E+01  8.0649E+00 -1.2651E+00  1.1240E+01
  2.1000E+01  1.6000E+01  6.3910E+00  8.7270E+00  2.1046E+00  4.3547E+00
  2.1000E+01  2.4000E+01  3.2400E+00  3.2002E+00  5.3338E-01  1.6872E+00
  2.2000E+01  0.0000E+00  0.0000E+00  0.0000E+00  0.0000E+00  0.0000E+00
  2.2000E+01  1.0000E+00  2.6188E+01  1.6885E+01 -1.4145E+00  2.5768E+01
  2.2000E+01  2.0000E+00  2.4291E+01  1.7670E+01 -9.9791E-01  2.2888E+01
  2.2000E+01  4.0000E+00  2.0898E+01  2.4136E+01  9.2756E-01  1.8057E+01
  2.2000E+01  8.0000E+00  1.5469E+01  2.0399E+01  1.7795E+00  1.1240E+01
  2.2000E+01  1.6000E+01  8.4749E+00  1.0124E+01  1.3277E+00  4.3547E+00
  2.2000E+01  2.4000E+01  4.6432E+00  4.6287E+00  3.5890E-01  1.6872E+00
  2.3000E+01  0.0000E+00  0.0000E+00  0.0000E+00  0.0000E+00  0.0000E+00
  2.3000E+01  1.0000E+00  2.1328E+01  2.2926E+01 -1.1008E-01  2.5768E+01
  2.3000E+01  2.0000E+00  1.8339E+01  1.8308E+01 -4.5644E-01  2.2888E+01
  2.3000E+01  4.0000E+00  1.3560E+01  9.0984E+00 -1.8408E+00  1.8057E+01
  2.3000E+01  8.0000E+00  7.4134E+00  8.2026E+00  1.7354E-01  1.1240E+01
  2.3000E+01  1.6000E+01  2.2158E+00  7.7785E-01 -2.3293E+00  4.3547E+00
  2.3000E+01  2.4000E+01  6.6227E-01  7.8203E-01  1.6819E+00  1.6872E+00
  2.4000E+01  0.0000E+00  0.0000E+00  0.0000E+00  0.0000E+00  0.0000E+00
  2.4000E+01  1.0000E+00  2.8952E+01  2.2131E+01 -7.7811E-01  2.5768E+01
  2.4000E+01  2.0000E+00  2.6429E+01  3.7639E+01  2.0586E+00  2.2888E+01
  2.4000E+01  4.0000E+00  2.2023E+01  1.9792E+01 -9.8833E-02  1.8057E+01
  2.4000E+01  8.0000E+00  1.5292E+01  1.3515E+01 -7.9679E-02  1.1240E+01
  2.4000E+01  1.6000E+01  7.3726E+00  9.4293E+00  1.5690E+00  4.3547E+00
  2.4000E+01  2.4000E+01  3.5546E+00  3.5148E+00  1.6622E-01  1.6872E+00
  2.5000E+01  0.0000E+00  0.0000E+00  0.0000E+00  0.0000E+00  0.0000E+00
  2.5000E+01  1.0000E+00  2.8060E+01  2.8718E+01  1.8219E-01  2.5768E+01
  2.5000E+01  2.0000E+00  2.5480E+01  2.5552E+01  1.3844E-01  2.2888E+01
  2.5000E+01  4.0000E+00  2.1008E+01  2.9015E+01  1.8198E+00  1.8057E+01
  2.5000E+01  8.0000E+00  1.4282E+01  1.0178E+01 -8.9052E-01  1.1240E+01
  2.5000E+01  1.6000E+01  6.6004E+00  6.3526E+00  2.6894E-01  4.3547E+00
  2.5000E+01  2.4000E+01  3.0504E+00  3.5696E+00  1.0864E+00  1.6872E+00
  2.6000E+01  0.0000E+00  0.0000E+00  0.0000E+00  0.0000E+00  0.0000E+00
  2.6000E+01  1.0000E+00  2.7128E+01  3.0773E+01  7.2121E-01  2.5768E+01
  2.6000E+01  2.0000E+00  2.3395E+01  1.8406E+01 -8.7299E-01  2.2888E+01
  2.6000E+01  4.0000E+00  1.7399E+01  1.9109E+01  2.2016E-01  1.8057E+01
  2.6000E+01  8.0000E+00  9.6235E+00  1.2437E+01  6.7336E-01  1.1240E+01
  2.6000E+01  1.6000E+01  2.9440E+00  2.9228E+00 -8.9965E-01  4.3547E+00
  2.6000E+01  2.4000E+01  9.0065E-01  8.6271E-01 -9.1572E-01  1.6872E+00
  2.7000E+01  0.0000E+00  0.0000E+00  0.0000E+00  0.0000E+00  0.0000E+00
  2.7000E+01  1.0000E+00  2.6026E+01  2.8585E+01  4.0530E-01  2.5768E+01
  2.7000E+01  2.0000E+00  2.2963E+01  2.2834E+01 -6.3563E-02  2.2888E+01
  2.7000E+01  4.0000E+00  1.7876E+01  1.7683E+01 -1.4077E-01  1.8057E+01
  2.7000E+01  8.0000E+00  1.0833E+01  1.0818E+01 -2.0478E-01  1.1240E+01
  2.7000E+01  1.6000E+01  3.9785E+00  5.2824E+00  1.0423E+00  4.3547E+00
  2.7000E+01  2.4000E+01  1.4612E+00  1.1300E+00 -1.2828E+00  1.6872E+00
  2.8000E+01  0.0000E+00  0.0000E+00  0.0000E+00  0.0000E+00  0.0000E+00
  2.8000E+01  1.0000E+00  2.0749E+01  2.5001E+01  4.1436E-01  2.5768E+01
  2.8000E+01  2.0000E+00  1.8426E+01  1.3693E+01 -1.4753E+00  2.2888E+01
  2.8000E+01  4.0000E+00  1.4531E+01  1.2454E+01 -8.5364E-01  1.8057E+01
  2.8000E+01  8.0000E+00  9.0366E+00  5.1229E+00 -1.8104E+00  1.1240E+01
  2.8000E+01  1.6000E+01  3.4950E+00  3.6723E+00  5.8896E-01  4.3547E+00
  2.8000E+01  2.4000E+01  1.3518E+00  1.5601E+00  1.0190E+00  1.6872E+00
  2.9000E+01  0.0000E+00  0.0000E+00  0.0000E+00  0.0000E+00  0.0000E+00
  2.9000E+01  1.0000E+00  2.4610E+01  2.1705E+01 -6.8271E-01  2.5768E+01
  2.9000E+01  2.0000E+00  2.2559E+01  2.5154E+01  3.7790E-01  2.2888E+01
  2.9000E+01  4.0000E+00  1.8955E+01  1.6801E+01 -4.5711E-01  1.8057E+01
  2.9000E+01  8.0000E+00  1.3383E+01  1.6291E+01  1.1628E+00  1.1240E+01
  2.9000E+01  1.6000E+01  6.6714E+00  5.0673E+00 -5.3201E-01  4.3547E+00
  2.9000E+01  2.4000E+01  3.3256E+00  4.0459E+00  1.4461E+00  1.6872E+00
  3.0000E+01  0.0000E+00  0.0000E+00  0.0000E+00  0.0000E+00  0.0000E+00
  3.0000E+01  1.0000E+00  3.6432E+01  4.8239E+01  2.0342E+00  2.5768E+01
  3.0000E+01  2.0000E+00  3.1833E+01  3.4383E+01  8.6981E-01  2.2888E+01
  3.0000E+01  4.0000E+00  2.4304E+01  2.9848E+01  1.2471E+00  1.8057E+01
  3.0000E+01  8.0000E+00  1.4167E+01  1.6605E+01  5.8389E-01  1.1240E+01
  3.0000E+01  1.6000E+01  4.8133E+00  4.7960E+00 -6.1045E-01  4.3547E+00
  3.0000E+01  2.4000E+01  1.6354E+00  1.6303E+00 -6.5051E-01  1.6872E+00
  3.1000E+01  0.0000E+00  0.0000E+00  0.0000E+00  0.0000E+00  0.0000E+00
  3.1000E+01  1.0000E+00  2.7581E+01  2.6910E+01 -7.2041E-02  2.5768E+01
  3.1000E+01  2.0000E+00  2.5166E+01  2.4328E+01 -6.0080E-02  2.2888E+01
  3.1000E+01  4.0000E+00  2.0953E+01  2.5492E+01  1.0889E+00  1.8057E+01
  3.1000E+01  8.0000E+00  1.4524E+01  1.7718E+01  1.2464E+00  1.1240E+01
  3.1000E+01  1.6000E+01  6.9788E+00  4.5071E+00 -1.0224E+00  4.3547E+00
  3.1000E+01  2.4000E+01  3.3533E+00  4.0131E+00  1.3530E+00  1.6872E+00
  3.2000E+01  0.0000E+00  0.0000E+00  0.0000E+00  0.0000E+00  0.0000E+00
  3.2000E+01  1.0000E+00  3.0192E+01  3.4235E+01  7.3768E-01  2.5768E+01
  3.2000E+01  2.0000E+00  2.7441E+01  3.3491E+01  1.1391E+00  2.2888E+01
  3.2000E+01  4.0000E+00  2.2668E+01  2.2543E+01  2.4335E-01  1.8057E+01
  3.2000E+01  8.0000E+00  1.5469E+01  1.7923E+01  1.0338E+00  1.1240E+01
  3.2000E+01  1.6000E+01  7.2033E+00  5.2775E+00 -6.8033E-01  4.3547E+00
  3.2000E+01  2.4000E+01  3.3543E+00  4.0469E+00  1.3082E+00  1.6872E+00
  3.3000E+01  0.0000E+00  0.0000E+00  0.0000E+00  0.0000E+00  0.0000E+00
  3.3000E+01  1.0000E+00  2.6753E+01  3.2024E+01  8.4348E-01  2.5768E+01
  3.3000E+01  2.0000E+00  2.4109E+01  1.8333E+01 -9.8082E-01  2.2888E+01
  3.3000E+01  4.0000E+00  1.9579E+01  2.3060E+01  8.3065E-01  1.8057E+01
  3.3000E+01  8.0000E+00  1.2912E+01  1.3406E+01  2.9413E-01  1.1240E+01
  3.3000E+01  1.6000E+01  5.6158E+00  5.4157E+00 -1.7815E-02  4.3547E+00
  3.3000E+01  2.4000E+01  2.4425E+00  2.7584E+00  5.8346E-01  1.6872E+00
  3.4000E+01  0.0000E+00  0.0000E+00  0.0000E+00  0.0000E+00  0.0000E+00
  3.4000E+01  1.0000E+00  2.2897E+01  2.3011E+01 -2.9657E-01  2.5768E+01
  3.4000E+01  2.0000E+00  2.0702E+01  2.2264E+01  6.3256E-02  2.2888E+01
  3.4000E+01  4.0000E+00  1.6923E+01  1.4780E+01 -6.7980E-01  1.8057E+01
  3.4000E+01  8.0000E+00  1.1308E+01  9.5475E+00 -6.2026E-01  1.1240E+01
  3.4000E+01  1.6000E+01  5.0492E+00  5.8443E+00  8.7638E-01  4.3547E+00
  3.4000E+01  2.4000E+01  2.2546E+00  2.4467E+00  5.3134E-01  1.6872E+00
  3.5000E+01  0.0000E+00  0.0000E+00  0.0000E+00  0.0000E+00  0.0000E+00
  3.5000E+01  1.0000E+00  2.9893E+01  3.8267E+01  1.4206E+00  2.5768E+01
  3.5000E+01  2.0000E+00  2.7261E+01  2.6114E+01  9.6079E-02  2.2888E+01
  3.5000E+01  4.0000E+00  2.2672E+01  2.0203E+01 -1.1751E-01  1.8057E+01
  3.5000E+01  8.0000E+00  1.5681E+01  1.4421E+01  9.8065E-02  1.1240E+01
  3.5000E+01  1.6000E+01  7.5012E+00  1.1138E+01  2.5519E+00  4.3547E+00
  3.5000E+01  2.4000E+01  3.5884E+00  2.2907E+00 -1.0160E+00  1.6872E+00
  3.6000E+01  0.0000E+00  0.0000E+00  0.0000E+00  0.0000E+00  0.0000E+00
  3.6000E+01  1.0000E+00  2.2827E+01  1.9436E+01 -8.8620E-01  2.5768E+01
  3.6000E+01  2.0000E+00  2.0587E+01  2.0985E+01 -1.2631E-01  2.2888E+01
  3.6000E+01  4.0000E+00  1.6745E+01  1.6294E+01 -2.3600E-01  1.8057E+01
  3.6000E+01  8.0000E+00  1.1078E+01  9.3638E+00 -6.5109E-01  1.1240E+01
  3.6000E+01  1.6000E+01  4.8485E+00  6.6696E+00  1.6834E+00  4.3547E+00
  3.6000E+01  2.4000E+01  2.1221E+00  1.7589E+00 -6.4450E-01  1.6872E+00
  3.7000E+01  0.0000E+00  0.0000E+00  0.0000E+00  0.0000E+00  0.0000E+00
  3.7000E+01  1.0000E+00  2.5620E+01  2.5358E+01 -8.1697E-02  2.5768E+01
  3.7000E+01  2.0000E+00  2.2647E+01  1.9551E+01 -6.4390E-01  2.2888E+01
  3.7000E+01  4.0000E+00  1.7696E+01  2.1624E+01  8.2467E-01  1.8057E+01
  3.7000E+01  8.0000E+00  1.0804E+01  1.2757E+01  5.6455E-01  1.1240E+01
  3.7000E+01  1.6000E+01  4.0277E+00  3.3310E+00 -9.9552E-01  4.3547E+00
  3.7000E+01  2.4000E+01  1.5015E+00  1.6486E+00  1.8479E-01  1.6872E+00
  3.8000E+01  0.0000E+00  0.0000E+00  0.0000E+00  0.0000E+00  0.0000E+00
  3.8000E+01  1.0000E+00  2.9732E+01  3.3881E+01  7.3796E-01  2.5768E+01
  3.8000E+01  2.0000E+00  2.7529E+01  2.6712E+01  8.1549E-02  2.2888E+01
  3.8000E+01  4.0000E+00  2.3600E+01  2.3741E+01  3.3819E-01  1.8057E+01
  3.8000E+01  8.0000E+00  1.7345E+01  2.0591E+01  1.2580E+00  1.1240E+01
  3.8000E+01  1.6000E+01  9.3694E+00  1.0885E+01  1.2475E+00  4.3547E+00
  3.8000E+01  2.4000E+01  5.0610E+00  5.5063E+00  8.4521E-01  1.6872E+00
  3.9000E+01  0.0000E+00  0.0000E+00  0.0000E+00  0.0000E+00  0.0000E+00
  3.9000E+01  1.0000E+00  2.1253E+01  1.9500E+01 -8.3136E-01  2.5768E+01
  3.9000E+01  2.0000E+00  1.9011E+01  2.1065E+01  3.6067E-02  2.2888E+01
  3.9000E+01  4.0000E+00  1.5211E+01  1.3400E+01 -8.0448E-01  1.8057E+01
  3.9000E+01  8.0000E+00  9.7386E+00  9.2000E+00 -2.9758E-01  1.1240E+01
  3.9000E+01  1.6000E+01  3.9917E+00  2.8343E+00 -9.2232E-01  4.3547E+00
  3.9000E+01  2.4000E+01  1.6362E+00  2.0182E+00  1.4357E+00  1.6872E+00
  4.0000E+01  0.0000E+00  0.0000E+00  0.0000E+00  0.0000E+00  0.0000E+00
  4.0000E+01  1.0000E+00  2.3378E+01  2.1294E+01 -6.8124E-01  2.5768E+01
  4.0000E+01  2.0000E+00  2.1481E+01  2.4579E+01  3.9344E-01  2.2888E+01
  4.0000E+01  4.0000E+00  1.8135E+01  1.5712E+01 -6.2489E-01  1.8057E+01
  4.0000E+01  8.0000E+00  1.2926E+01  1.2973E+01  2.1909E-01  1.1240E+01
  4.0000E+01  1.6000E+01  6.5666E+00  5.8798E+00  6.1837E-02  4.3547E+00
  4.0000E+01  2.4000E+01  3.3360E+00  4.1303E+00  1.5624E+00  1.6872E+00
  4.1000E+01  0.0000E+00  0.0000E+00  0.0000E+00  0.0000E+00  0.0000E+00
  4.1000E+01  1.0000E+00  2.5936E+01  3.0985E+01  8.0645E-01  2.5768E+01
  4.1000E+01  2.0000E+00  2.2418E+01  2.2130E+01 -1.5541E-01  2.2888E+01
  4.1000E+01  4.0000E+00  1.6748E+01  1.5517E+01 -5.5606E-01  1.8057E+01
  4.1000E+01  8.0000E+00  9.3482E+00  9.6577E+00 -3.0939E-01  1.1240E+01
  4.1000E+01  1.6000E+01  2.9123E+00  3.4348E+00  1.5048E-01  4.3547E+00
  4.1000E+01  2.4000E+01  9.0731E-01  8.4885E-01 -8.3238E-01  1.6872E+00
  4.2000E+01  0.0000E+00  0.0000E+00  0.0000E+00  0.0000E+00  0.0000E+00
  4.2000E+01  1.0000E+00  2.5850E+01  3.2971E+01  1.0597E+00  2.5768E+01
  4.2000E+01  2.0000E+00  2.2826E+01  2.3331E+01 -1.5671E-02  2.2888E+01
  4.2000E+01  4.0000E+00  1.7798E+01  1.6719E+01 -3.5964E-01  1.8057E+01
  4.2000E+01  8.0000E+00  1.0821E+01  9.9345E+00 -4.0172E-01  1.1240E+01
  4.2000E+01  1.6000E+01  4.0002E+00  3.4499E+00 -5.0294E-01  4.3547E+00
  4.2000E+01  2.4000E+01  1.4787E+00  1.7471E+00  8.7008E-01  1.6872E+00
  4.3000E+01  0.0000E+00  0.0000E+00  0.0000E+00  0.0000E+00  0.0000E+00
  4.3000E+01  1.0000E+00  2.4067E+01  2.1325E+01 -5.6147E-01  2.5768E+01
  4.3000E+01  2.0000E+00  1.8232E+01  1.9160E+01 -4.8490E-01  2.2888E+01
  4.3000E+01  4.0000E+00  1.0462E+01  1.3284E+01 -4.8759E-01  1.8057E+01
  4.3000E+01  8.0000E+00  3.4454E+00  3.1871E+00 -2.6092E+00  1.1240E+01
  4.3000E+01  1.6000E+01  3.7364E-01  3.4343E-01 -1.6420E+00  4.3547E+00
  4.4000E+01  0.0000E+00  0.0000E+00  0.0000E+00  0.0000E+00  0.0000E+00
  4.4000E+01  1.0000E+00  2.5346E+01  1.6892E+01 -1.3635E+00  2.5768E+01
  4.4000E+01  2.0000E+00  2.3284E+01  2.0248E+01 -4.4265E-01  2.2888E+01
  4.4000E+01  4.0000E+00  1.9648E+01  1.7187E+01 -3.1695E-01  1.8057E+01
  4.4000E+01  8.0000E+00  1.3991E+01  1.8983E+01  1.8755E+00  1.1240E+01
  4.4000E+01  1.6000E+01  7.0947E+00  9.8472E+00  2.1514E+00  4.3547E+00
  4.4000E+01  2.4000E+01  3.5976E+00  1.7608E+00 -1.5529E+00  1.6872E+00
  4.5000E+01  0.0000E+00  0.0000E+00  0.0000E+00  0.0000E+00  0.0000E+00
  4.5000E+01  1.0000E+00  2.4741E+01  2.5515E+01  3.8395E-02  2.5768E+01
  4.5000E+01  2.0000E+00  2.2192E+01  1.5590E+01 -1.3355E+00  2.2888E+01
  4.5000E+01  4.0000E+00  1.7856E+01  2.1488E+01  8.1737E-01  1.8057E+01
  4.5000E+01  8.0000E+00  1.1559E+01  1.2797E+01  4.3887E-01  1.1240E+01
  4.5000E+01  1.6000E+01  4.8442E+00  4.7576E+00 -1.2299E-01  4.3547E+00
  4.5000E+01  2.4000E+01  2.0301E+00  2.2033E+00  2.2493E-01  1.6872E+00
  4.6000E+01  0.0000E+00  0.0000E+00  0.0000E+00  0.0000E+00  0.0000E+00
  4.6000E+01  1.0000E+00  2.3747E+01  2.5713E+01  8.1505E-02  2.5768E+01
  4.6000E+01  2.0000E+00  2.1525E+01  1.9289E+01 -6.5114E-01  2.2888E+01
  4.6000E+01  4.0000E+00  1.7685E+01  1.8526E+01  9.7360E-02  1.8057E+01
  4.6000E+01  8.0000E+00  1.1937E+01  1.1861E+01  4.1798E-02  1.1240E+01
  4.6000E+01  1.6000E+01  5.4391E+00  5.1245E+00  4.1772E-04  4.3547E+00
  4.6000E+01  2.4000E+01  2.4783E+00  2.9108E+00  9.7276E-01  1.6872E+00
  4.7000E+01  0.0000E+00  0.0000E+00  0.0000E+00  0.0000E+00  0.0000E+00
  4.7000E+01  1.0000E+00  2.2589E+01  2.2898E+01 -2.5026E-01  2.5768E+01
  4.7000E+01  2.0000E+00  2.0213E+01  1.5266E+01 -1.3095E+00  2.2888E+01
  4.7000E+01  4.0000E+00  1.6183E+01  1.8198E+01  3.2139E-01  1.8057E+01
  4.7000E+01  8.0000E+00  1.0374E+01  1.0837E+01  9.4713E-02  1.1240E+01
  4.7000E+01  1.6000E+01  4.2629E+00  3.7503E+00 -4.7773E-01  4.3547E+00
  4.7000E+01  2.4000E+01  1.7517E+00  2.0195E+00  6.8011E-01  1.6872E+00
  4.8000E+01  0.0000E+00  0.0000E+00  0.0000E+00  0.0000E+00  0.0000E+00
  4.8000E+01  1.0000E+00  2.3003E+01  2.2100E+01 -4.7021E-01  2.5768E+01
  4.8000E+01  2.0000E+00  2.0493E+01  1.8023E+01 -7.7464E-01  2.2888E+01
  4.8000E+01  4.0000E+00  1.6264E+01  1.9962E+01  7.8614E-01  1.8057E+01
  4.8000E+01  8.0000E+00  1.0245E+01  9.9090E+00 -1.1678E-01  1.1240E+01
  4.8000E+01  1.6000E+01  4.0649E+00  1.7653E+00 -1.9403E+00  4.3547E+00
  4.8000E+01  2.4000E+01  1.6128E+00  1.9587E+00  1.6663E+00  1.6872E+00
  4.9000E+01  0.0000E+00  0.0000E+00  0.0000E+00  0.0000E+00  0.0000E+00
  4.9000E+01  1.0000E+00  3.3358E+01  3.4964E+01  7.8440E-01  2.5768E+01
  4.9000E+01  2.0000E+00  2.8105E+01  3.4451E+01  1.2797E+00  2.2888E+01
  4.9000E+01  4.0000E+00  1.9951E+01  2.6641E+01  1.2807E+00  1.8057E+01
  4.9000E+01  8.0000E+00  1.0053E+01  8.9121E+00 -1.2961E+00  1.1240E+01
  4.9000E+01  1.6000E+01  2.5528E+00  3.2573E+00 -4.0075E-02  4.3547E+00
  4.9000E+01  2.4000E+01  6.4822E-01  4.5249E-01 -2.0881E+00  1.6872E+00
  5.0000E+01  0.0000E+00  0.0000E+00  0.0000E+00  0.0000E+00  0.0000E+00
  5.0000E+01  1.0000E+00  2.3707E+01  1.9169E+01 -9.7547E-01  2.5768E+01
  5.0000E+01  2.0000E+00  2.0911E+01  2.5934E+01  8.4618E-01  2.2888E+01
  5.0000E+01  4.0000E+00  1.6268E+01  1.4005E+01 -7.7341E-01  1.8057E+01
  5.0000E+01  8.0000E+00  9.8469E+00  9.1974E+00 -4.8458E-01  1.1240E+01
  5.0000E+01  1.6000E+01  3.6075E+00  4.3333E+00  5.8972E-01  4.3547E+00
  5.0000E+01  2.4000E+01  1.3217E+00  1.2781E+00 -4.5839E-01  1.6872E+00
