TABLE NO.  1
 ID          TIME        IPRED       DV          CWRES       PRED
  1.0000E+00  0.0000E+00  0.0000E+00  0.0000E+00  0.0000E+00  0.0000E+00
  1.0000E+00  2.0000E+00  2.2193E+01  2.5315E+01  4.8279E-01  2.4605E+01
  1.0000E+00  4.0000E+00  1.8933E+01  1.1849E+01 -1.7499E+00  2.0257E+01
  1.0000E+00  8.0000E+00  1.3780E+01  7.9970E+00 -1.7392E+00  1.3730E+01
  1.0000E+00  1.6000E+01  7.2991E+00  8.9420E+00  1.4706E+00  6.3077E+00
  1.0000E+00  2.4000E+01  3.8664E+00  4.1110E+00  7.4651E-01  2.8978E+00
  2.0000E+00  0.0000E+00  0.0000E+00  0.0000E+00  0.0000E+00  0.0000E+00
  2.0000E+00  2.0000E+00  2.4901E+01  3.1051E+01  1.0933E+00  2.4605E+01
  2.0000E+00  4.0000E+00  1.9938E+01  1.8544E+01 -4.2590E-01  2.0257E+01
  2.0000E+00  8.0000E+00  1.2783E+01  1.2647E+01 -2.3258E-01  1.3730E+01
  2.0000E+00  1.6000E+01  5.2545E+00  4.5959E+00 -7.7270E-01  6.3077E+00
  2.0000E+00  2.4000E+01  2.1599E+00  2.4349E+00  4.1466E-01  2.8978E+00
  3.0000E+00  0.0000E+00  0.0000E+00  0.0000E+00  0.0000E+00  0.0000E+00
  3.0000E+00  2.0000E+00  2.4338E+01  2.5839E+01  2.2291E-01  2.4605E+01
  3.0000E+00  4.0000E+00  2.1353E+01  1.5730E+01 -1.1400E+00  2.0257E+01
  3.0000E+00  8.0000E+00  1.6437E+01  1.4597E+01 -2.3530E-01  1.3730E+01
  3.0000E+00  1.6000E+01  9.7398E+00  1.3137E+01  2.1186E+00  6.3077E+00
  3.0000E+00  2.4000E+01  5.7712E+00  5.7106E+00  5.1756E-01  2.8978E+00
  4.0000E+00  0.0000E+00  0.0000E+00  0.0000E+00  0.0000E+00  0.0000E+00
  4.0000E+00  2.0000E+00  2.1198E+01  2.0425E+01 -4.9287E-01  2.4605E+01
  4.0000E+00  4.0000E+00  1.7391E+01  1.3770E+01 -1.2436E+00  2.0257E+01
  4.0000E+00  8.0000E+00  1.1705E+01  1.0465E+01 -7.0792E-01  1.3730E+01
  4.0000E+00  1.6000E+01  5.3027E+00  6.3755E+00  7.7334E-01  6.3077E+00
  4.0000E+00  2.4000E+01  2.4023E+00  2.3470E+00 -2.7245E-01  2.8978E+00
  5.0000E+00  0.0000E+00  0.0000E+00  0.0000E+00  0.0000E+00  0.0000E+00
  5.0000E+00  2.0000E+00  3.0480E+01  3.9645E+01  1.8507E+00  2.4605E+01
  5.0000E+00  4.0000E+00  2.6369E+01  1.8312E+01 -8.8191E-01  2.0257E+01
  5.0000E+00  8.0000E+00  1.9735E+01  2.2107E+01  1.1294E+00  1.3730E+01
  5.0000E+00  1.6000E+01  1.1054E+01  1.5308E+01  2.3277E+00  6.3077E+00
  5.0000E+00  2.4000E+01  6.1920E+00  5.0339E+00 -4.0454E-01  2.8978E+00
  6.0000E+00  0.0000E+00  0.0000E+00  0.0000E+00  0.0000E+00  0.0000E+00
  6.0000E+00  2.0000E+00  2.5313E+01  2.4773E+01 -1.1872E-01  2.4605E+01
  6.0000E+00  4.0000E+00  2.2084E+01  1.9829E+01 -3.8780E-01  2.0257E+01
  6.0000E+00  8.0000E+00  1.6810E+01  1.9467E+01  9.6432E-01  1.3730E+01
  6.0000E+00  1.6000E+01  9.7390E+00  1.1076E+01  1.0194E+00  6.3077E+00
  6.0000E+00  2.4000E+01  5.6424E+00  6.0820E+00  7.3162E-01  2.8978E+00
  7.0000E+00  0.0000E+00  0.0000E+00  0.0000E+00  0.0000E+00  0.0000E+00
  7.0000E+00  2.0000E+00  2.5744E+01  2.5635E+01  8.0606E-02  2.4605E+01
  7.0000E+00  4.0000E+00  2.0506E+01  2.2436E+01  3.8302E-01  2.0257E+01
  7.0000E+00  8.0000E+00  1.3010E+01  1.4306E+01  1.4901E-01  1.3730E+01
  7.0000E+00  1.6000E+01  5.2372E+00  6.4971E+00  4.9572E-01  6.3077E+00
  7.0000E+00  2.4000E+01  2.1082E+00  1.6529E+00 -1.5833E+00  2.8978E+00
  8.0000E+00  0.0000E+00  0.0000E+00  0.0000E+00  0.0000E+00  0.0000E+00
  8.0000E+00  2.0000E+00  2.0847E+01  1.9878E+01 -6.0252E-01  2.4605E+01
  8.0000E+00  4.0000E+00  1.6088E+01  1.3141E+01 -1.3338E+00  2.0257E+01
  8.0000E+00  8.0000E+00  9.5814E+00  1.0837E+01  1.8141E-02  1.3730E+01
  8.0000E+00  1.6000E+01  3.3985E+00  2.5770E+00 -1.5486E+00  6.3077E+00
  8.0000E+00  2.4000E+01  1.2054E+00  1.3518E+00  3.4321E-01  2.8978E+00
  9.0000E+00  0.0000E+00  0.0000E+00  0.0000E+00  0.0000E+00  0.0000E+00
  9.0000E+00  2.0000E+00  2.7489E+01  2.4648E+01 -3.2448E-01  2.4605E+01
  9.0000E+00  4.0000E+00  2.4014E+01  2.7420E+01  8.9364E-01  2.0257E+01
  9.0000E+00  8.0000E+00  1.8327E+01  2.3001E+01  1.5578E+00  1.3730E+01
  9.0000E+00  1.6000E+01  1.0674E+01  9.4056E+00 -1.7432E-02  6.3077E+00
  9.0000E+00  2.4000E+01  6.2166E+00  7.2738E+00  1.2992E+00  2.8978E+00
  1.0000E+01  0.0000E+00  0.0000E+00  0.0000E+00  0.0000E+00  0.0000E+00
  1.0000E+01  2.0000E+00  2.7499E+01  2.8748E+01  4.1117E-01  2.4605E+01
  1.0000E+01  4.0000E+00  2.2008E+01  2.7723E+01  1.2608E+00  2.0257E+01
  1.0000E+01  8.0000E+00  1.4097E+01  1.6350E+01  5.9230E-01  1.3730E+01
  1.0000E+01  1.6000E+01  5.7841E+00  4.3353E+00 -1.4576E+00  6.3077E+00
  1.0000E+01  2.4000E+01  2.3732E+00  2.5939E+00  1.6180E-01  2.8978E+00
  1.1000E+01  0.0000E+00  0.0000E+00  0.0000E+00  0.0000E+00  0.0000E+00
  1.1000E+01  2.0000E+00  2.4966E+01  2.4497E+01 -1.1090E-01  2.4605E+01
  1.1000E+01  4.0000E+00  2.1001E+01  2.3624E+01  5.8215E-01  2.0257E+01
  1.1000E+01  8.0000E+00  1.4859E+01  1.3689E+01 -3.1145E-01  1.3730E+01
  1.1000E+01  1.6000E+01  7.4391E+00  8.8766E+00  9.3187E-01  6.3077E+00
  1.1000E+01  2.4000E+01  3.7243E+00  3.6822E+00 -7.7313E-02  2.8978E+00
  1.2000E+01  0.0000E+00  0.0000E+00  0.0000E+00  0.0000E+00  0.0000E+00
  1.2000E+01  2.0000E+00  3.0328E+01  3.6527E+01  1.3565E+00  2.4605E+01
  1.2000E+01  4.0000E+00  2.4528E+01  3.0147E+01  1.3225E+00  2.0257E+01
  1.2000E+01  8.0000E+00  1.6044E+01  1.8136E+01  6.0543E-01  1.3730E+01
  1.2000E+01  1.6000E+01  6.8640E+00  6.7828E+00 -3.9641E-01  6.3077E+00
  1.2000E+01  2.4000E+01  2.9366E+00  2.9743E+00 -4.1109E-01  2.8978E+00
  1.3000E+01  0.0000E+00  0.0000E+00  0.0000E+00  0.0000E+00  0.0000E+00
  1.3000E+01  2.0000E+00  2.0342E+01  1.2654E+01 -1.9688E+00  2.4605E+01
  1.3000E+01  4.0000E+00  1.5025E+01  1.0236E+01 -1.9529E+00  2.0257E+01
  1.3000E+01  8.0000E+00  8.1971E+00  1.1038E+01  7.6781E-01  1.3730E+01
  1.3000E+01  1.6000E+01  2.4398E+00  1.9237E+00 -1.8651E+00  6.3077E+00
  1.3000E+01  2.4000E+01  7.2616E-01  7.4766E-01 -4.8278E-01  2.8978E+00
  1.4000E+01  0.0000E+00  0.0000E+00  0.0000E+00  0.0000E+00  0.0000E+00
  1.4000E+01  2.0000E+00  2.4272E+01  3.0412E+01  1.1748E+00  2.4605E+01
  1.4000E+01  4.0000E+00  1.6503E+01  1.0322E+01 -2.3076E+00  2.0257E+01
  1.4000E+01  8.0000E+00  7.6296E+00  8.1025E+00 -1.0153E+00  1.3730E+01
  1.4000E+01  1.6000E+01  1.6307E+00  2.1362E+00 -4.4655E-02  6.3077E+00
  1.4000E+01  2.4000E+01  3.4854E-01  1.7267E-01 -2.9452E+00  2.8978E+00
  1.5000E+01  0.0000E+00  0.0000E+00  0.0000E+00  0.0000E+00  0.0000E+00
  1.5000E+01  2.0000E+00  2.3076E+01  1.8013E+01 -1.1701E+00  2.4605E+01
  1.5000E+01  4.0000E+00  2.0056E+01  1.9599E+01 -1.5338E-01  2.0257E+01
  1.5000E+01  8.0000E+00  1.5150E+01  1.4375E+01 -1.0186E-01  1.3730E+01
  1.5000E+01  1.6000E+01  8.6445E+00  1.1132E+01  1.6400E+00  6.3077E+00
  1.5000E+01  2.4000E+01  4.9326E+00  4.8649E+00  2.6649E-01  2.8978E+00
  1.6000E+01  0.0000E+00  0.0000E+00  0.0000E+00  0.0000E+00  0.0000E+00
  1.6000E+01  2.0000E+00  2.7060E+01  3.2240E+01  1.0112E+00  2.4605E+01
  1.6000E+01  4.0000E+00  2.2426E+01  2.5904E+01  8.3266E-01  2.0257E+01
  1.6000E+01  8.0000E+00  1.5403E+01  1.3624E+01 -4.3635E-01  1.3730E+01
  1.6000E+01  1.6000E+01  7.2668E+00  7.5605E+00  2.1026E-01  6.3077E+00
  1.6000E+01  2.4000E+01  3.4282E+00  3.7101E+00  3.1223E-01  2.8978E+00
  1.7000E+01  0.0000E+00  0.0000E+00  0.0000E+00  0.0000E+00  0.0000E+00
  1.7000E+01  2.0000E+00  2.8573E+01  2.2507E+01 -5.2781E-01  2.4605E+01
  1.7000E+01  4.0000E+00  2.1511E+01  3.0615E+01  1.9501E+00  2.0257E+01
  1.7000E+01  8.0000E+00  1.2191E+01  1.4386E+01  1.1606E-01  1.3730E+01
  1.7000E+01  1.6000E+01  3.9159E+00  4.1323E+00 -1.0832E+00  6.3077E+00
  1.7000E+01  2.4000E+01  1.2578E+00  1.0678E+00 -1.8470E+00  2.8978E+00
  1.8000E+01  0.0000E+00  0.0000E+00  0.0000E+00  0.0000E+00  0.0000E+00
  1.8000E+01  2.0000E+00  2.5041E+01  2.3662E+01 -2.3223E-01  2.4605E+01
  1.8000E+01  4.0000E+00  1.9713E+01  2.2869E+01  5.8636E-01  2.0257E+01
  1.8000E+01  8.0000E+00  1.2217E+01  1.4176E+01  3.2025E-01  1.3730E+01
  1.8000E+01  1.6000E+01  4.6922E+00  4.4053E+00 -9.2842E-01  6.3077E+00
  1.8000E+01  2.4000E+01  1.8021E+00  1.8384E+00 -5.1364E-01  2.8978E+00
  1.9000E+01  0.0000E+00  0.0000E+00  0.0000E+00  0.0000E+00  0.0000E+00
  1.9000E+01  2.0000E+00  2.4620E+01  2.4310E+01 -6.9462E-02  2.4605E+01
  1.9000E+01  4.0000E+00  2.1023E+01  1.6106E+01 -1.0233E+00  2.0257E+01
  1.9000E+01  8.0000E+00  1.5328E+01  1.8525E+01  1.0902E+00  1.3730E+01
  1.9000E+01  1.6000E+01  8.1484E+00  9.5791E+00  9.6804E-01  6.3077E+00
  1.9000E+01  2.4000E+01  4.3317E+00  4.2257E+00 -3.0506E-02  2.8978E+00
  2.0000E+01  0.0000E+00  0.0000E+00  0.0000E+00  0.0000E+00  0.0000E+00
  2.0000E+01  2.0000E+00  1.9007E+01  1.1642E+01 -2.2761E+00  2.4605E+01
  2.0000E+01  4.0000E+00  1.5650E+01  1.5224E+01 -5.2837E-01  2.0257E+01
  2.0000E+01  8.0000E+00  1.0609E+01  8.1201E+00 -1.3046E+00  1.3730E+01
  2.0000E+01  1.6000E+01  4.8759E+00  4.7918E+00 -7.6756E-02  6.3077E+00
  2.0000E+01  2.4000E+01  2.2408E+00  2.5522E+00  6.7024E-01  2.8978E+00
  2.1000E+01  0.0000E+00  0.0000E+00  0.0000E+00  0.0000E+00  0.0000E+00
  2.1000E+01  2.0000E+00  2.5680E+01  2.8195E+01  4.6430E-01  2.4605E+01
  2.1000E+01  4.0000E+00  2.0872E+01  2.3638E+01  5.8225E-01  2.0257E+01
  2.1000E+01  8.0000E+00  1.3787E+01  1.5194E+01  3.9543E-01  1.3730E+01
  2.1000E+01  1.6000E+01  6.0162E+00  4.1878E+00 -1.4385E+00  6.3077E+00
  2.1000E+01  2.4000E+01  2.6252E+00  3.0129E+00  7.2055E-01  2.8978E+00
  2.2000E+01  0.0000E+00  0.0000E+00  0.0000E+00  0.0000E+00  0.0000E+00
  2.2000E+01  2.0000E+00  2.2324E+01  2.2578E+01 -2.1513E-01  2.4605E+01
  2.2000E+01  4.0000E+00  1.9367E+01  1.4016E+01 -1.4000E+00  2.0257E+01
  2.2000E+01  8.0000E+00  1.4575E+01  1.4993E+01  2.2600E-01  1.3730E+01
  2.2000E+01  1.6000E+01  8.2553E+00  8.1186E+00  2.9357E-01  6.3077E+00
  2.2000E+01  2.4000E+01  4.6758E+00  5.5435E+00  1.2885E+00  2.8978E+00
  2.3000E+01  0.0000E+00  0.0000E+00  0.0000E+00  0.0000E+00  0.0000E+00
  2.3000E+01  2.0000E+00  3.0678E+01  4.4167E+01  2.4601E+00  2.4605E+01
  2.3000E+01  4.0000E+00  2.6006E+01  2.2929E+01 -8.7707E-02  2.0257E+01
  2.3000E+01  8.0000E+00  1.8688E+01  1.8282E+01  3.5332E-01  1.3730E+01
  2.3000E+01  1.6000E+01  9.6507E+00  1.0392E+01  7.0331E-01  6.3077E+00
  2.3000E+01  2.4000E+01  4.9837E+00  5.4851E+00  6.2398E-01  2.8978E+00
  2.4000E+01  0.0000E+00  0.0000E+00  0.0000E+00  0.0000E+00  0.0000E+00
  2.4000E+01  2.0000E+00  2.7593E+01  3.1054E+01  7.4605E-01  2.4605E+01
  2.4000E+01  4.0000E+00  2.3301E+01  2.4701E+01  4.5729E-01  2.0257E+01
  2.4000E+01  8.0000E+00  1.6615E+01  1.8907E+01  8.1124E-01  1.3730E+01
  2.4000E+01  1.6000E+01  8.4480E+00  9.0494E+00  4.2461E-01  6.3077E+00
  2.4000E+01  2.4000E+01  4.2954E+00  4.4629E+00  1.5662E-01  2.8978E+00
  2.5000E+01  0.0000E+00  0.0000E+00  0.0000E+00  0.0000E+00  0.0000E+00
  2.5000E+01  2.0000E+00  2.2006E+01  1.2707E+01 -2.0584E+00  2.4605E+01
  2.5000E+01  4.0000E+00  1.7576E+01  1.9335E+01  2.6537E-01  2.0257E+01
  2.5000E+01  8.0000E+00  1.1213E+01  1.1121E+01 -3.6536E-01  1.3730E+01
  2.5000E+01  1.6000E+01  4.5633E+00  5.5252E+00  4.4688E-01  6.3077E+00
  2.5000E+01  2.4000E+01  1.8571E+00  1.6368E+00 -1.1273E+00  2.8978E+00
  2.6000E+01  0.0000E+00  0.0000E+00  0.0000E+00  0.0000E+00  0.0000E+00
  2.6000E+01  2.0000E+00  2.1383E+01  1.7181E+01 -1.1623E+00  2.4605E+01
  2.6000E+01  4.0000E+00  1.7779E+01  1.3894E+01 -1.2184E+00  2.0257E+01
  2.6000E+01  8.0000E+00  1.2291E+01  1.2961E+01  9.7267E-02  1.3730E+01
  2.6000E+01  1.6000E+01  5.8737E+00  7.2696E+00  9.6138E-01  6.3077E+00
  2.6000E+01  2.4000E+01  2.8070E+00  2.5645E+00 -5.7129E-01  2.8978E+00
  2.7000E+01  0.0000E+00  0.0000E+00  0.0000E+00  0.0000E+00  0.0000E+00
  2.7000E+01  2.0000E+00  2.3824E+01  2.9507E+01  1.0088E+00  2.4605E+01
  2.7000E+01  4.0000E+00  1.7408E+01  1.3753E+01 -1.3956E+00  2.0257E+01
  2.7000E+01  8.0000E+00  9.2947E+00  9.2736E+00 -8.7726E-01  1.3730E+01
  2.7000E+01  1.6000E+01  2.6497E+00  2.9827E+00 -4.4669E-01  6.3077E+00
  2.7000E+01  2.4000E+01  7.5537E-01  7.1212E-01 -1.0632E+00  2.8978E+00
  2.8000E+01  0.0000E+00  0.0000E+00  0.0000E+00  0.0000E+00  0.0000E+00
  2.8000E+01  2.0000E+00  2.4507E+01  1.9605E+01 -9.7978E-01  2.4605E+01
  2.8000E+01  4.0000E+00  2.1175E+01  2.3570E+01  5.7434E-01  2.0257E+01
  2.8000E+01  8.0000E+00  1.5809E+01  1.9019E+01  1.1887E+00  1.3730E+01
  2.8000E+01  1.6000E+01  8.8114E+00  5.4614E+00 -1.2128E+00  6.3077E+00
  2.8000E+01  2.4000E+01  4.9113E+00  5.9743E+00  1.6522E+00  2.8978E+00
  2.9000E+01  0.0000E+00  0.0000E+00  0.0000E+00  0.0000E+00  0.0000E+00
  2.9000E+01  2.0000E+00  2.2529E+01  2.1456E+01 -4.5089E-01  2.4605E+01
  2.9000E+01  4.0000E+00  1.8066E+01  1.8135E+01 -2.6711E-01  2.0257E+01
  2.9000E+01  8.0000E+00  1.1618E+01  1.1881E+01 -2.5363E-01  1.3730E+01
  2.9000E+01  1.6000E+01  4.8050E+00  4.9764E+00 -2.4464E-01  6.3077E+00
  2.9000E+01  2.4000E+01  1.9872E+00  2.0605E+00 -2.2824E-01  2.8978E+00
  3.0000E+01  0.0000E+00  0.0000E+00  0.0000E+00  0.0000E+00  0.0000E+00
  3.0000E+01  2.0000E+00  2.1516E+01  1.6486E+01 -1.3548E+00  2.4605E+01
  3.0000E+01  4.0000E+00  1.8512E+01  1.9147E+01  4.8713E-03  2.0257E+01
  3.0000E+01  8.0000E+00  1.3703E+01  9.3341E+00 -1.4014E+00  1.3730E+01
  3.0000E+01  1.6000E+01  7.5087E+00  9.1117E+00  1.2869E+00  6.3077E+00
  3.0000E+01  2.4000E+01  4.1145E+00  4.3689E+00  6.2814E-01  2.8978E+00
  3.1000E+01  0.0000E+00  0.0000E+00  0.0000E+00  0.0000E+00  0.0000E+00
  3.1000E+01  2.0000E+00  2.5096E+01  3.3006E+01  1.5157E+00  2.4605E+01
  3.1000E+01  4.0000E+00  1.9364E+01  1.4186E+01 -1.3347E+00  2.0257E+01
  3.1000E+01  8.0000E+00  1.1529E+01  1.0480E+01 -7.7349E-01  1.3730E+01
  3.1000E+01  1.6000E+01  4.0864E+00  4.8398E+00  2.8938E-01  6.3077E+00
  3.1000E+01  2.4000E+01  1.4485E+00  1.3566E+00 -8.5331E-01  2.8978E+00
  3.2000E+01  0.0000E+00  0.0000E+00  0.0000E+00  0.0000E+00  0.0000E+00
  3.2000E+01  2.0000E+00  2.3431E+01  1.6991E+01 -1.3402E+00  2.4605E+01
  3.2000E+01  4.0000E+00  1.9062E+01  2.1271E+01  4.2042E-01  2.0257E+01
  3.2000E+01  8.0000E+00  1.2615E+01  1.5504E+01  8.8942E-01  1.3730E+01
  3.2000E+01  1.6000E+01  5.5255E+00  4.1536E+00 -1.3302E+00  6.3077E+00
  3.2000E+01  2.4000E+01  2.4202E+00  2.6653E+00  3.0035E-01  2.8978E+00
  3.3000E+01  0.0000E+00  0.0000E+00  0.0000E+00  0.0000E+00  0.0000E+00
  3.3000E+01  2.0000E+00  2.3029E+01  1.3892E+01 -1.8160E+00  2.4605E+01
  3.3000E+01  4.0000E+00  1.8182E+01  1.7568E+01 -2.9281E-01  2.0257E+01
  3.3000E+01  8.0000E+00  1.1333E+01  1.5286E+01  1.2150E+00  1.3730E+01
  3.3000E+01  1.6000E+01  4.4030E+00  4.1139E+00 -9.7276E-01  6.3077E+00
  3.3000E+01  2.4000E+01  1.7106E+00  1.6571E+00 -8.3793E-01  2.8978E+00
  3.4000E+01  0.0000E+00  0.0000E+00  0.0000E+00  0.0000E+00  0.0000E+00
  3.4000E+01  2.0000E+00  2.7604E+01  2.6694E+01  5.9580E-03  2.4605E+01
  3.4000E+01  4.0000E+00  2.3936E+01  2.9380E+01  1.2747E+00  2.0257E+01
  3.4000E+01  8.0000E+00  1.7997E+01  1.8060E+01  3.5263E-01  1.3730E+01
  3.4000E+01  1.6000E+01  1.0175E+01  1.1553E+01  1.0240E+00  6.3077E+00
  3.4000E+01  2.4000E+01  5.7525E+00  6.1990E+00  6.8795E-01  2.8978E+00
  3.5000E+01  0.0000E+00  0.0000E+00  0.0000E+00  0.0000E+00  0.0000E+00
  3.5000E+01  2.0000E+00  2.3033E+01  1.0985E+01 -2.3506E+00  2.4605E+01
  3.5000E+01  4.0000E+00  1.8963E+01  1.8731E+01 -3.1355E-02  2.0257E+01
  3.5000E+01  8.0000E+00  1.2855E+01  1.5249E+01  8.0233E-01  1.3730E+01
  3.5000E+01  1.6000E+01  5.9066E+00  7.2759E+00  8.0439E-01  6.3077E+00
  3.5000E+01  2.4000E+01  2.7141E+00  2.2340E+00 -1.2276E+00  2.8978E+00
  3.6000E+01  0.0000E+00  0.0000E+00  0.0000E+00  0.0000E+00  0.0000E+00
  3.6000E+01  2.0000E+00  2.5807E+01  2.7244E+01  3.2312E-01  2.4605E+01
  3.6000E+01  4.0000E+00  2.0206E+01  2.2822E+01  4.6870E-01  2.0257E+01
  3.6000E+01  8.0000E+00  1.2387E+01  1.4461E+01  3.4459E-01  1.3730E+01
  3.6000E+01  1.6000E+01  4.6554E+00  4.1830E+00 -1.1206E+00  6.3077E+00
  3.6000E+01  2.4000E+01  1.7496E+00  1.8144E+00 -4.1269E-01  2.8978E+00
  3.7000E+01  0.0000E+00  0.0000E+00  0.0000E+00  0.0000E+00  0.0000E+00
  3.7000E+01  2.0000E+00  2.1377E+01  2.3734E+01  1.3865E-01  2.4605E+01
  3.7000E+01  4.0000E+00  1.6699E+01  1.3994E+01 -1.1699E+00  2.0257E+01
  3.7000E+01  8.0000E+00  1.0190E+01  9.1964E+00 -8.9804E-01  1.3730E+01
  3.7000E+01  1.6000E+01  3.7941E+00  3.4274E+00 -7.4406E-01  6.3077E+00
  3.7000E+01  2.4000E+01  1.4127E+00  1.5927E+00  4.0836E-01  2.8978E+00
  3.8000E+01  0.0000E+00  0.0000E+00  0.0000E+00  0.0000E+00  0.0000E+00
  3.8000E+01  2.0000E+00  2.2639E+01  2.6662E+01  5.6643E-01  2.4605E+01
  3.8000E+01  4.0000E+00  1.7494E+01  1.4824E+01 -1.0641E+00  2.0257E+01
  3.8000E+01  8.0000E+00  1.0446E+01  1.0655E+01 -3.6742E-01  1.3730E+01
  3.8000E+01  1.6000E+01  3.7243E+00  2.7255E+00 -1.5254E+00  6.3077E+00
  3.8000E+01  2.4000E+01  1.3278E+00  1.5295E+00  6.2353E-01  2.8978E+00
  3.9000E+01  0.0000E+00  0.0000E+00  0.0000E+00  0.0000E+00  0.0000E+00
  3.9000E+01  2.0000E+00  2.3039E+01  1.7767E+01 -1.2695E+00  2.4605E+01
  3.9000E+01  4.0000E+00  2.0311E+01  2.2402E+01  4.0450E-01  2.0257E+01
  3.9000E+01  8.0000E+00  1.5786E+01  1.4518E+01 -1.7915E-01  1.3730E+01
  3.9000E+01  1.6000E+01  9.5349E+00  9.1832E+00  3.5274E-01  6.3077E+00
  3.9000E+01  2.4000E+01  5.7594E+00  7.1244E+00  1.7294E+00  2.8978E+00
  4.0000E+01  0.0000E+00  0.0000E+00  0.0000E+00  0.0000E+00  0.0000E+00
  4.0000E+01  2.0000E+00  2.9089E+01  3.5919E+01  1.4568E+00  2.4605E+01
  4.0000E+01  4.0000E+00  2.4431E+01  1.8229E+01 -8.0706E-01  2.0257E+01
  4.0000E+01  8.0000E+00  1.7234E+01  2.2695E+01  1.7439E+00  1.3730E+01
  4.0000E+01  1.6000E+01  8.5754E+00  9.4185E+00  5.4519E-01  6.3077E+00
  4.0000E+01  2.4000E+01  4.2670E+00  4.0992E+00 -2.7810E-01  2.8978E+00
  4.1000E+01  0.0000E+00  0.0000E+00  0.0000E+00  0.0000E+00  0.0000E+00
  4.1000E+01  2.0000E+00  2.7679E+01  2.9931E+01  4.9841E-01  2.4605E+01
  4.1000E+01  4.0000E+00  2.4395E+01  2.7603E+01  8.4049E-01  2.0257E+01
  4.1000E+01  8.0000E+00  1.8950E+01  1.7070E+01 -3.7994E-02  1.3730E+01
  4.1000E+01  1.6000E+01  1.1436E+01  1.3404E+01  1.4024E+00  6.3077E+00
  4.1000E+01  2.4000E+01  6.9007E+00  7.8420E+00  1.2561E+00  2.8978E+00
  4.2000E+01  0.0000E+00  0.0000E+00  0.0000E+00  0.0000E+00  0.0000E+00
  4.2000E+01  2.0000E+00  2.3698E+01  2.1323E+01 -5.4794E-01  2.4605E+01
  4.2000E+01  4.0000E+00  1.8319E+01  2.0166E+01  1.6820E-01  2.0257E+01
  4.2000E+01  8.0000E+00  1.0947E+01  1.2671E+01  1.1793E-01  1.3730E+01
  4.2000E+01  1.6000E+01  3.9093E+00  3.7845E+00 -9.6985E-01  6.3077E+00
  4.2000E+01  2.4000E+01  1.3960E+00  1.3991E+00 -7.0241E-01  2.8978E+00
  4.3000E+01  0.0000E+00  0.0000E+00  0.0000E+00  0.0000E+00  0.0000E+00
  4.3000E+01  2.0000E+00  2.3002E+01  1.5888E+01 -1.5307E+00  2.4605E+01
  4.3000E+01  4.0000E+00  1.9009E+01  2.1239E+01  4.2859E-01  2.0257E+01
  4.3000E+01  8.0000E+00  1.2982E+01  1.3961E+01  2.2232E-01  1.3730E+01
  4.3000E+01  1.6000E+01  6.0550E+00  6.5453E+00  1.7026E-01  6.3077E+00
  4.3000E+01  2.4000E+01  2.8241E+00  2.8532E+00 -2.5011E-01  2.8978E+00
  4.4000E+01  0.0000E+00  0.0000E+00  0.0000E+00  0.0000E+00  0.0000E+00
  4.4000E+01  2.0000E+00  2.5012E+01  2.2007E+01 -4.2660E-01  2.4605E+01
  4.4000E+01  4.0000E+00  1.8595E+01  1.8555E+01 -2.9329E-01  2.0257E+01
  4.4000E+01  8.0000E+00  1.0277E+01  1.3498E+01  5.1129E-01  1.3730E+01
  4.4000E+01  1.6000E+01  3.1394E+00  3.7930E+00 -4.1478E-01  6.3077E+00
  4.4000E+01  2.4000E+01  9.5902E-01  5.0934E-01 -2.9699E+00  2.8978E+00
  4.5000E+01  0.0000E+00  0.0000E+00  0.0000E+00  0.0000E+00  0.0000E+00
  4.5000E+01  2.0000E+00  2.3177E+01  2.2136E+01 -3.4338E-01  2.4605E+01
  4.5000E+01  4.0000E+00  1.6707E+01  1.8247E+01 -1.4442E-01  2.0257E+01
  4.5000E+01  8.0000E+00  8.6815E+00  8.5627E+00 -1.2036E+00  1.3730E+01
  4.5000E+01  1.6000E+01  2.3440E+00  2.9084E+00 -2.7482E-01  6.3077E+00
  4.5000E+01  2.4000E+01  6.3290E-01  4.8741E-01 -1.9978E+00  2.8978E+00
  4.6000E+01  0.0000E+00  0.0000E+00  0.0000E+00  0.0000E+00  0.0000E+00
  4.6000E+01  2.0000E+00  2.4452E+01  2.6454E+01  2.3435E-01  2.4605E+01
  4.6000E+01  4.0000E+00  2.1401E+01  2.3283E+01  4.1265E-01  2.0257E+01
  4.6000E+01  8.0000E+00  1.6395E+01  1.3221E+01 -6.1512E-01  1.3730E+01
  4.6000E+01  1.6000E+01  9.6220E+00  7.7551E+00 -2.4661E-01  6.3077E+00
  4.6000E+01  2.4000E+01  5.6469E+00  7.2641E+00  2.1305E+00  2.8978E+00
  4.7000E+01  0.0000E+00  0.0000E+00  0.0000E+00  0.0000E+00  0.0000E+00
  4.7000E+01  2.0000E+00  2.1448E+01  1.9955E+01 -6.8845E-01  2.4605E+01
  4.7000E+01  4.0000E+00  1.7541E+01  1.9153E+01  1.0652E-01  2.0257E+01
  4.7000E+01  8.0000E+00  1.1733E+01  9.6535E+00 -1.0037E+00  1.3730E+01
  4.7000E+01  1.6000E+01  5.2496E+00  4.2162E+00 -8.4951E-01  6.3077E+00
  4.7000E+01  2.4000E+01  2.3488E+00  2.7832E+00  1.0298E+00  2.8978E+00
  4.8000E+01  0.0000E+00  0.0000E+00  0.0000E+00  0.0000E+00  0.0000E+00
  4.8000E+01  2.0000E+00  2.8015E+01  3.2571E+01  9.9672E-01  2.4605E+01
  4.8000E+01  4.0000E+00  2.2841E+01  2.3216E+01  2.2773E-01  2.0257E+01
  4.8000E+01  8.0000E+00  1.5184E+01  1.8877E+01  1.0849E+00  1.3730E+01
  4.8000E+01  1.6000E+01  6.7099E+00  6.7737E+00 -2.5560E-01  6.3077E+00
  4.8000E+01  2.4000E+01  2.9651E+00  2.9404E+00 -4.5021E-01  2.8978E+00
  4.9000E+01  0.0000E+00  0.0000E+00  0.0000E+00  0.0000E+00  0.0000E+00
  4.9000E+01  2.0000E+00  2.8863E+01  3.1261E+01  6.4211E-01  2.4605E+01
  4.9000E+01  4.0000E+00  2.4657E+01  2.9053E+01  1.1048E+00  2.0257E+01
  4.9000E+01  8.0000E+00  1.7995E+01  1.9668E+01  7.3167E-01  1.3730E+01
  4.9000E+01  1.6000E+01  9.5843E+00  1.0864E+01  8.5260E-01  6.3077E+00
  4.9000E+01  2.4000E+01  5.1047E+00  5.2166E+00  2.0728E-01  2.8978E+00
  5.0000E+01  0.0000E+00  0.0000E+00  0.0000E+00  0.0000E+00  0.0000E+00
  5.0000E+01  2.0000E+00  2.8978E+01  1.8122E+01 -1.2592E+00  2.4605E+01
  5.0000E+01  4.0000E+00  2.4314E+01  3.5930E+01  2.6279E+00  2.0257E+01
  5.0000E+01  8.0000E+00  1.7118E+01  1.8892E+01  8.3675E-01  1.3730E+01
  5.0000E+01  1.6000E+01  8.4842E+00  7.5312E+00 -3.5978E-01  6.3077E+00
  5.0000E+01  2.4000E+01  4.2051E+00  4.5678E+00  3.3147E-01  2.8978E+00
